1955 99114.804688
1911 99117.125000
1889 99117.984375
1844 99119.750000
1798 99121.578125
1751 99123.109375
1727 99123.890625
1679 99125.437500
1631 99126.875000
1582 99128.757812
1558 99129.890625
1508 99130.937500
1460 99132.765625
1411 99133.765625
1387 99134.101562
1339 99134.906250
1292 99135.898438
1244 99136.687500
1221 99137.093750
1174 99138.171875
1128 99139.343750
1083 99140.234375
1060 99140.718750
1015 99141.468750
970 99142.062500
926 99142.734375
905 99143.265625
862 99143.703125
819 99143.890625
778 99144.375000
757 99144.843750
716 99144.906250
675 99145.046875
635 99145.640625
616 99146.281250
578 99135.937500
541 99137.882812
510 99139.609375
496 99140.765625
472 99142.187500
455 99143.242188
443 99141.804688
438 99137.265625
429 99127.109375
422 99118.984375
415 99113.812500
412 99112.500000
405 99111.109375
397 99111.765625
387 99112.750000
382 99113.289062
370 99115.015625
357 99116.929688
343 99118.890625
335 99119.867188
320 99121.679688
303 99123.468750
286 99125.335938
277 99126.109375
259 99127.882812
240 99129.578125
221 99131.109375
211 99132.117188
191 99133.625000
171 99134.843750
151 99136.046875
141 99136.578125
120 99137.617188
99 99138.734375
88 99139.539062
67 99141.046875
46 99142.140625
24 99142.921875
14 99143.500000
-8 99144.078125
-29 99144.921875
-50 99145.914062
-60 99146.000000
-81 99146.835938
-102 99147.445312
-123 99147.945312
-133 99148.179688
-153 99148.695312
-174 99149.265625
-194 99149.046875
-203 99149.164062
-222 99149.437500
-240 99149.820312
-249 99149.882812
-267 99149.789062
-285 99150.148438
-302 99150.671875
-311 99150.984375
-328 99151.148438
-345 99151.015625
-360 99151.679688
-368 99151.835938
-383 99152.445312
-398 99152.921875
-413 99153.070312
-421 99153.062500
-434 99153.445312
-448 99153.687500
-691 99153.531250
-700 99153.406250
-709 99153.460938
-713 99153.468750
-722 99153.492188
-731 99153.625000
-740 99153.390625
-744 99153.265625
-753 99153.187500
-761 99153.679688
-770 99153.757812
-774 99154.000000
-783 99154.078125
-791 99154.351562
-795 99154.179688
-802 99154.234375
-811 99154.343750
-819 99154.109375
-823 99154.062500
-831 99154.164062
-839 99154.328125
-847 99154.257812
-851 99154.046875
-859 99154.609375
-867 99154.703125
-871 99155.054688
-878 99154.843750
-885 99155.234375
-892 99155.757812
-895 99155.812500
-901 99155.750000
-907 99155.937500
-914 99155.843750
-917 99155.828125
-924 99155.875000
-930 99155.937500
-934 99155.781250
-940 99156.296875
-946 99156.468750
-951 99156.804688
-954 99156.726562
-960 99157.312500
-966 99157.390625
-971 99157.703125
-974 99157.484375
-980 99157.953125
-985 99158.062500
-988 99158.031250
-994 99157.718750
-999 99158.085938
-1004 99158.734375
-1006 99158.937500
-1011 99158.765625
-1016 99158.890625
-1019 99158.640625
-1024 99158.609375
-1081 99158.875000
-1085 99159.140625
-1089 99159.781250
-1091 99159.609375
-1095 99160.085938
-1098 99160.429688
-1100 99160.171875
-1104 99160.164062
-1108 99160.234375
-1111 99160.234375
-1113 99160.218750
-1117 99160.281250
-1121 99159.898438
-1122 99159.851562
-1126 99159.671875
-1130 99159.531250
-1133 99159.609375
-1135 99159.718750
-1139 99159.539062
-1142 99159.234375
-1145 99159.109375
-1147 99158.929688
-1150 99158.429688
-1153 99158.492188
-1155 99158.687500
-1158 99158.750000
-1161 99158.812500
-1164 99158.796875
-1166 99159.187500
-1169 99159.296875
-1172 99159.140625
-1174 99159.171875
-1177 99159.046875
-1179 99159.218750
-1182 99159.250000
-1183 99159.359375
-1186 99159.500000
-1189 99159.531250
-1192 99160.023438
-1194 99159.734375
-1198 99159.710938
-1202 99159.664062
-1204 99159.906250
-1207 99159.750000
-1211 99159.812500
-1214 99159.898438
-1216 99160.007812
-1220 99160.140625
-1223 99160.234375
-1225 99160.304688
-1229 99160.390625
-1232 99160.609375
-1236 99160.531250
-1238 99160.281250
-1241 99160.281250
-1244 99160.093750
-1247 99159.875000
-1248 99160.148438
-1251 99160.312500
-1254 99160.171875
-1255 99160.609375
-1258 99160.578125
-1260 99160.679688
-1262 99160.898438
-1263 99160.734375
-1265 99160.515625
-1266 99160.539062
-1267 99160.484375
-1269 99160.031250
-1271 99160.218750
-1273 99160.023438
-1275 99159.968750
-1277 99160.015625
-1279 99160.414062
-1280 99160.609375
-1282 99160.171875
-1284 99160.085938
-1286 99160.054688
-1287 99159.671875
-1289 99159.484375
-1292 99159.343750
-1295 99159.156250
-1296 99159.093750
-1299 99158.789062
-1302 99158.593750
-1303 99158.812500
-1306 99159.078125
-1309 99159.687500
-1312 99159.945312
-1313 99160.210938
-1315 99160.906250
-1318 99161.078125
-1319 99161.343750
-1321 99161.968750
-1323 99162.296875
-1325 99162.484375
-1326 99162.671875
-1328 99162.234375
-1330 99162.710938
-1332 99163.562500
-1334 99163.507812
-1336 99164.000000
-1339 99163.968750
-1340 99163.828125
-1343 99163.765625
-1345 99164.046875
-1348 99163.765625
-1349 99163.765625
-1351 99163.812500
-1353 99163.992188
-1354 99163.929688
-1356 99164.031250
-1359 99163.906250
-1361 99164.000000
-1362 99163.867188
-1364 99163.882812
-1366 99163.765625
-1367 99163.765625
-1369 99163.859375
-1372 99164.460938
-1374 99163.992188
-1375 99164.335938
-1377 99163.898438
-1379 99164.796875
-1380 99166.492188
-1381 99164.976562
-1383 99165.070312
-1385 99165.359375
-1386 99165.187500
-1388 99165.367188
-1390 99165.171875
-1392 99165.664062
-1393 99165.812500
-1395 99165.859375
-1397 99165.953125
-1398 99165.875000
-1399 99165.890625
-1401 99165.265625
-1402 99165.359375
-1403 99165.140625
-1404 99164.968750
-1406 99164.906250
-1406 99164.937500
-1407 99165.171875
-1407 99165.406250
-1407 99165.812500
-1407 99165.968750
-1407 99166.218750
-1407 99166.296875
-1407 99166.000000
-1408 99166.234375
-1409 99165.531250
-1410 99166.000000
-1411 99166.000000
-1412 99165.453125
-1413 99165.554688
-1415 99165.281250
-1416 99165.320312
-1418 99165.531250
-1420 99165.328125
-1421 99165.421875
-1424 99165.351562
-1427 99165.546875
-1430 99165.734375
-1432 99165.500000
-1436 99165.203125
-1439 99165.023438
-1440 99165.250000
-1443 99165.445312
-1445 99165.585938
-1446 99165.875000
-1447 99165.937500
-1449 99165.906250
-1450 99166.406250
-1451 99166.476562
-1453 99166.328125
-1454 99166.023438
-1456 99165.953125
-1457 99165.781250
-1459 99165.656250
-1461 99165.671875
-1462 99165.414062
-1465 99165.234375
-1468 99165.101562
-1471 99165.046875
-1473 99165.218750
-1476 99164.757812
-1479 99165.234375
-1481 99165.250000
-1484 99164.984375
-1487 99164.656250
-1490 99165.078125
-1491 99164.906250
-1494 99165.046875
-1497 99165.156250
-1499 99165.062500
-1501 99165.078125
-1504 99165.421875
-1507 99165.609375
-1508 99165.585938
-1512 99165.554688
-1515 99165.703125
-1517 99165.734375
-1518 99165.914062
-1520 99165.593750
-1522 99165.687500
-1523 99166.265625
-1524 99165.523438
-1525 99165.859375
-1527 99165.632812
-1527 99165.382812
-1529 99165.312500
-1530 99164.890625
-1531 99164.671875
-1532 99165.007812
-1534 99164.875000
-1536 99164.851562
-1537 99164.460938
-1540 99164.093750
-1542 99164.328125
-1543 99164.101562
-1546 99164.210938
-1548 99164.375000
-1550 99164.218750
-1551 99164.234375
-1552 99164.281250
-1554 99164.078125
-1555 99163.984375
-1556 99163.867188
-1558 99163.765625
-1559 99163.296875
-1560 99163.609375
-1561 99163.859375
-1562 99163.796875
-1563 99163.539062
-1564 99163.796875
-1566 99163.718750
-1567 99164.046875
-1568 99163.703125
-1570 99164.468750
-1572 99164.226562
-1573 99164.398438
-1576 99164.390625
-1579 99164.453125
-1581 99164.796875
-1582 99164.734375
-1585 99164.671875
-1588 99164.765625
-1589 99164.296875
-1592 99164.515625
-1595 99164.375000
-1598 99164.226562
-1600 99164.062500
-1602 99164.218750
-1604 99164.328125
-1607 99164.398438
-1608 99164.734375
-1610 99164.406250
-1612 99164.492188
-1612 99164.398438
-1614 99164.187500
-1616 99164.078125
-1618 99164.421875
-1619 99164.656250
-1621 99164.203125
-1622 99164.328125
-1623 99163.867188
-1625 99163.781250
-1627 99163.703125
-1628 99163.625000
-1629 99163.484375
-1631 99163.437500
-1633 99163.468750
-1634 99163.484375
-1636 99163.562500
-1637 99163.937500
-1638 99163.796875
-1639 99163.867188
-1639 99163.250000
-1639 99163.562500
-1639 99163.250000
-1639 99163.093750
-1639 99163.093750
-1639 99163.406250
-1639 99163.406250
-1639 99163.164062
-1640 99163.156250
-1640 99162.687500
-1641 99162.765625
-1642 99162.585938
-1643 99162.515625
-1644 99162.820312
-1645 99162.695312
-1647 99163.265625
-1647 99163.390625
-1648 99163.718750
-1649 99163.890625
-1650 99164.187500
-1651 99164.375000
-1652 99164.703125
-1652 99164.750000
-1653 99165.296875
-1654 99165.476562
-1655 99165.328125
-1656 99165.250000
-1656 99165.562500
-1658 99165.453125
-1659 99165.406250
-1660 99165.640625
-1661 99165.406250
-1661 99165.484375
-1663 99165.640625
-1675 99165.093750
-1721 99169.406250
-1722 99169.765625
-1722 99170.015625
-1723 99170.171875
-1724 99170.812500
-1725 99170.656250
-1726 99170.750000
-1727 99171.125000
-1729 99171.281250
-1730 99171.437500
-1731 99171.531250
-1733 99171.828125
-1734 99172.296875
-1736 99172.656250
-1736 99172.875000
-1738 99173.562500
-1739 99173.085938
-1740 99173.585938
-1741 99173.914062
-1742 99173.968750
-1743 99174.046875
-1744 99174.359375
-1745 99174.437500
-1746 99174.765625
-1746 99174.968750
-1747 99175.070312
-1748 99174.890625
-1748 99174.890625
-1748 99175.062500
-1748 99174.968750
-1748 99175.367188
-1748 99175.312500
-1749 99175.390625
-1749 99175.460938
-1749 99175.289062
-1749 99175.765625
-1750 99175.789062
-1750 99175.617188
-1751 99175.531250
-1751 99175.359375
-1752 99175.343750
-1752 99175.281250
-1753 99175.515625
-1753 99176.093750
-1754 99176.234375
-1755 99176.250000
-1756 99176.226562
-1757 99176.468750
-1758 99176.554688
-1759 99176.296875
-1760 99176.375000
-1762 99176.429688
-1762 99176.609375
-1763 99176.210938
-1764 99176.023438
-1765 99175.554688
-1766 99175.546875
-1767 99175.609375
-1767 99176.109375
-1768 99175.937500
-1768 99176.398438
-1768 99176.828125
-1769 99177.218750
-1769 99177.132812
-1769 99177.046875
-1769 99177.281250
-1769 99177.601562
-1769 99177.921875
-1769 99178.085938
-1769 99178.328125
-1769 99178.171875
-1769 99178.250000
-1769 99178.656250
-1768 99178.750000
-1768 99178.890625
-1767 99179.062500
-1767 99179.039062
-1767 99178.718750
-1767 99178.484375
-1767 99178.484375
-1767 99178.234375
-1767 99178.234375
-1767 99178.343750
-1767 99177.937500
-1768 99177.695312
-1768 99177.359375
-1769 99177.218750
-1769 99177.296875
-1770 99177.070312
-1770 99177.093750
-1771 99177.281250
-1772 99177.093750
-1773 99176.703125
-1774 99176.859375
-1775 99177.046875
-1776 99176.937500
-1777 99176.859375
-1778 99177.156250
-1779 99176.679688
-1780 99176.890625
-1782 99176.562500
-1782 99176.578125
-1784 99176.500000
-1785 99176.320312
-1785 99176.312500
-1786 99176.937500
-1786 99176.632812
-1787 99176.781250
-1787 99176.703125
-1787 99176.640625
-1787 99176.804688
-1787 99176.390625
-1788 99176.312500
-1788 99176.382812
-1788 99175.765625
-1788 99175.921875
-1789 99176.039062
-1789 99175.953125
-1789 99176.031250
-1790 99176.132812
-1790 99176.281250
-1791 99176.265625
-1791 99175.812500
-1792 99175.796875
-1792 99175.492188
-1792 99175.492188
-1792 99175.726562
-1793 99175.078125
-1793 99174.984375
-1793 99175.093750
-1794 99175.648438
-1794 99175.445312
-1794 99175.515625
-1795 99175.218750
-1795 99175.359375
-1796 99175.546875
-1796 99175.140625
-1796 99175.375000
-1797 99175.125000
-1797 99175.125000
-1797 99175.609375
-1797 99175.609375
-1797 99175.765625
-1797 99175.554688
-1797 99175.468750
-1797 99175.218750
-1798 99174.968750
-1798 99175.203125
-1798 99175.031250
-1799 99174.859375
-1799 99174.398438
-1800 99173.906250
-1800 99173.984375
-1801 99173.890625
-1801 99174.078125
-1802 99174.062500
-1802 99173.835938
-1802 99174.070312
-1803 99174.484375
-1804 99174.187500
-1804 99174.585938
-1805 99174.203125
-1806 99174.453125
-1807 99174.187500
-1807 99174.421875
-1808 99174.679688
-1808 99174.578125
-1809 99174.250000
-1810 99174.500000
-1810 99174.875000
-1811 99175.062500
-1811 99175.296875
-1812 99175.281250
-1812 99175.054688
-1813 99175.093750
-1813 99175.242188
-1814 99175.421875
-1814 99175.406250
-1814 99175.640625
-1815 99176.140625
-1815 99175.968750
-1816 99175.718750
-1816 99175.828125
-1816 99175.898438
-1816 99175.976562
-1816 99176.132812
-1817 99175.890625
-1817 99176.210938
-1817 99175.804688
-1817 99175.570312
-1816 99175.335938
-1816 99175.671875
-1816 99175.343750
-1816 99175.242188
-1815 99175.328125
-1815 99175.734375
-1815 99175.093750
-1815 99175.015625
-1815 99175.109375
-1815 99174.953125
-1815 99174.625000
-1814 99174.765625
-1814 99174.296875
-1814 99174.304688
-1813 99174.367188
-1812 99174.093750
-1812 99174.015625
-1812 99173.593750
-1812 99173.359375
-1811 99173.453125
-1811 99173.453125
-1811 99173.289062
-1811 99173.289062
-1811 99173.125000
-1811 99172.968750
-1812 99172.875000
-1812 99172.718750
-1812 99173.046875
-1812 99172.718750
-1811 99172.968750
-1811 99172.812500
-1811 99172.812500
-1811 99172.648438
-1811 99172.484375
-1811 99172.484375
-1811 99172.484375
-1812 99172.234375
-1812 99172.234375
-1812 99171.992188
-1812 99172.257812
-1812 99172.421875
-1813 99172.218750
-1813 99172.609375
-1813 99172.843750
-1813 99172.625000
-1814 99172.218750
-1814 99172.859375
-1814 99172.296875
-1814 99172.453125
-1814 99172.210938
-1814 99172.125000
-1814 99172.281250
-1815 99172.546875
-1815 99172.218750
-1815 99172.125000
-1816 99172.148438
-1817 99171.890625
-1817 99172.390625
-1817 99172.296875
-1818 99172.578125
-1819 99172.343750
-1819 99172.421875
-1819 99172.570312
-1820 99173.234375
-1821 99173.125000
-1821 99173.234375
-1821 99173.375000
-1822 99173.125000
-1823 99172.796875
-1823 99173.046875
-1824 99173.187500
-1825 99173.281250
-1825 99173.671875
-1825 99173.664062
-1826 99173.687500
-1826 99173.750000
-1826 99173.984375
-1826 99174.234375
-1826 99174.218750
-1825 99174.140625
-1824 99174.937500
-1824 99174.875000
-1823 99175.179688
-1822 99174.796875
-1821 99175.140625
-1821 99174.890625
-1820 99174.976562
-1820 99174.984375
-1819 99174.648438
-1819 99174.421875
-1818 99174.671875
-1818 99174.335938
-1817 99174.703125
-1817 99174.625000
-1817 99174.515625
-1817 99174.765625
-1817 99174.929688
-1817 99174.929688
-1817 99175.093750
-1817 99175.250000
-1817 99175.093750
-1817 99175.250000
-1817 99174.929688
-1817 99174.765625
-1817 99174.609375
-1817 99174.609375
-1817 99174.359375
-1817 99174.515625
-1817 99174.789062
-1817 99175.015625
-1818 99174.906250
-1818 99174.976562
-1818 99174.734375
-1818 99174.890625
-1818 99174.890625
-1818 99174.570312
-1818 99175.062500
-1817 99175.015625
-1817 99174.515625
-1816 99174.867188
-1816 99174.601562
-1815 99174.859375
-1814 99174.929688
-1814 99174.781250
-1814 99174.460938
-1813 99174.546875
-1813 99174.765625
-1813 99174.921875
-1813 99175.242188
-1813 99175.187500
-1814 99175.265625
-1814 99175.015625
-1814 99174.929688
-1815 99174.468750
-1815 99174.218750
-1815 99174.046875
-1816 99174.125000
-1816 99174.445312
-1816 99174.226562
-1816 99174.546875
-1816 99174.625000
-1816 99174.375000
-1817 99174.609375
-1817 99174.687500
-1817 99174.953125
-1817 99174.859375
-1817 99174.703125
-1817 99174.468750
-1817 99174.515625
-1817 99174.453125
-1817 99174.125000
-1817 99173.812500
-1817 99173.968750
-1817 99174.125000
-1817 99174.046875
-1817 99174.359375
-1817 99174.312500
-1817 99174.062500
-1818 99173.703125
-1818 99173.703125
-1818 99174.093750
-1819 99173.625000
-1819 99173.703125
-1819 99173.773438
-1820 99173.476562
-1820 99173.304688
-1820 99173.625000
-1821 99173.609375
-1821 99173.468750
-1821 99173.218750
-1822 99172.890625
-1822 99172.968750
-1823 99172.953125
-1823 99173.187500
-1823 99173.421875
-1823 99173.687500
-1823 99173.843750
-1823 99173.687500
-1823 99174.000000
-1823 99173.843750
-1823 99173.843750
-1823 99174.164062
-1823 99174.484375
-1823 99174.640625
-1824 99174.718750
-1824 99175.031250
-1824 99175.109375
-1824 99175.265625
-1824 99175.593750
-1824 99175.656250
-1824 99175.656250
-1824 99175.828125
-1824 99175.421875
-1825 99175.687500
-1825 99175.437500
-1825 99175.507812
-1826 99175.335938
-1826 99175.656250
-1826 99175.359375
-1827 99175.148438
-1827 99175.171875
-1827 99175.242188
-1828 99174.750000
-1828 99174.609375
-1829 99174.687500
-1829 99174.671875
-1830 99174.523438
-1830 99175.234375
-1830 99175.156250
-1831 99175.296875
-1831 99175.281250
-1831 99175.359375
-1832 99175.750000
-1832 99175.828125
-1832 99175.453125
-1832 99175.203125
-1833 99175.125000
-1833 99174.875000
-1833 99174.625000
-1833 99174.578125
-1834 99174.640625
-1834 99174.718750
-1834 99175.039062
-1834 99175.109375
-1834 99175.343750
-1835 99175.453125
-1835 99175.359375
-1835 99174.406250
-1835 99175.296875
-1833 99174.890625
-1822 99174.421875
-1792 99173.250000
-1769 99173.046875
-1722 99172.500000
-1662 99171.968750
-1594 99171.609375
-527 99174.218750
-445 99173.773438
-406 99173.726562
-329 99173.593750
-254 99173.593750
-182 99173.328125
-147 99173.109375
-79 99172.609375
-13 99171.968750
50 99170.843750
81 99170.656250
140 99169.734375
198 99169.078125
254 99168.859375
280 99168.218750
333 99168.468750
384 99168.093750
433 99168.015625
457 99168.000000
503 99167.812500
548 99168.062500
591 99167.804688
612 99167.554688
653 99166.968750
693 99166.453125
731 99166.289062
749 99166.343750
786 99165.781250
820 99165.343750
854 99165.046875
870 99165.171875
902 99164.531250
932 99164.671875
961 99164.601562
976 99164.781250
1004 99165.000000
1030 99165.289062
1056 99165.703125
1068 99165.546875
1093 99165.398438
1116 99164.875000
1138 99164.984375
1149 99164.984375
1170 99164.960938
1191 99164.609375
1211 99164.218750
1220 99164.421875
1239 99164.312500
1257 99164.039062
1274 99163.406250
1283 99163.320312
1299 99163.000000
1314 99162.687500
1330 99162.648438
1344 99162.781250
1352 99162.921875
1366 99163.273438
1379 99163.328125
1392 99162.726562
1398 99162.648438
1410 99162.929688
1422 99162.562500
1433 99162.640625
1438 99162.742188
1449 99163.031250
1459 99162.664062
1469 99162.968750
1474 99162.921875
1483 99162.687500
1492 99163.156250
1500 99163.140625
1504 99163.312500
1512 99163.375000
1520 99163.375000
1527 99163.343750
1531 99163.742188
1538 99163.765625
1545 99163.765625
1552 99164.093750
1558 99163.945312
1561 99163.687500
1567 99163.515625
1573 99163.875000
1578 99163.750000
1581 99163.539062
1586 99163.726562
1591 99164.421875
1596 99164.710938
1598 99164.656250
1603 99165.234375
1608 99165.437500
1612 99165.398438
1614 99165.843750
1618 99165.773438
1622 99165.875000
1626 99165.570312
1628 99165.953125
1632 99166.000000
1635 99166.210938
1639 99166.531250
1642 99166.296875
1644 99166.312500
1647 99166.242188
1650 99166.000000
1653 99165.875000
1654 99165.835938
1657 99165.734375
1660 99165.968750
1663 99165.984375
1664 99165.734375
1667 99165.906250
1670 99166.125000
1672 99166.296875
1674 99166.046875
1676 99166.531250
1679 99166.343750
1681 99166.296875
1684 99166.125000
1685 99166.367188
1687 99165.953125
1690 99166.109375
1692 99165.835938
1693 99166.078125
1696 99166.015625
1698 99166.250000
1700 99166.343750
1701 99166.734375
1704 99166.687500
1706 99166.765625
1708 99166.859375
1709 99166.703125
1711 99166.781250
1714 99166.734375
1716 99166.234375
1717 99166.656250
1719 99166.578125
1721 99166.109375
1723 99166.031250
1725 99166.265625
1727 99166.515625
1729 99166.781250
1731 99166.507812
1734 99166.484375
1735 99166.359375
1737 99166.515625
1740 99166.289062
1742 99166.093750
1744 99166.000000
1746 99166.007812
1749 99166.015625
1752 99166.265625
1754 99166.195312
1757 99166.078125
1760 99166.000000
1763 99165.625000
1767 99165.484375
1769 99165.265625
1773 99165.367188
1777 99165.265625
1781 99164.656250
1783 99164.546875
1787 99164.000000
1791 99163.468750
1796 99162.820312
1798 99162.398438
1803 99162.140625
1808 99161.328125
1813 99161.468750
1816 99161.468750
1821 99161.257812
1827 99160.546875
1832 99160.531250
1838 99160.171875
1840 99160.203125
1846 99160.234375
1851 99159.882812
1857 99159.578125
1860 99159.796875
1866 99159.437500
1871 99159.500000
1877 99159.187500
1880 99159.234375
1886 99159.093750
1892 99158.750000
1897 99158.234375
1900 99158.281250
1906 99158.132812
1911 99158.328125
1917 99157.984375
1923 99157.632812
1926 99157.875000
1931 99157.328125
1937 99157.171875
1943 99157.359375
1945 99157.343750
1951 99157.390625
1956 99157.484375
1962 99157.812500
1965 99157.796875
1970 99157.921875
1975 99157.515625
1981 99157.617188
1983 99157.593750
1988 99157.125000
1993 99157.343750
1998 99157.015625
2003 99157.070312
2006 99157.187500
2010 99156.593750
2015 99156.406250
2019 99156.375000
2022 99156.273438
2026 99156.210938
2030 99156.125000
Hello world!2354 99159.687500
2354 99159.609375
2355 99159.734375
2356 99159.898438
2357 99159.828125
2358 99159.617188
2359 99159.320312
2360 99159.070312
2361 99159.156250
2363 99159.078125
2364 99159.359375
2366 99159.281250
2367 99159.218750
2368 99158.945312
2370 99159.031250
2371 99159.265625
2372 99159.109375
2373 99159.593750
2374 99159.640625
2375 99159.265625
2377 99159.648438
2377 99159.578125
2378 99159.734375
2379 99159.484375
2380 99159.820312
2381 99159.968750
2381 99159.843750
2382 99159.960938
2382 99159.171875
2383 99159.281250
2383 99159.156250
2384 99159.062500
2384 99159.203125
2385 99159.101562
2385 99158.468750
2385 99158.484375
2386 99158.578125
2386 99158.085938
2387 99158.351562
2387 99158.234375
2387 99157.937500
2388 99158.000000
2388 99157.875000
2388 99157.929688
2388 99157.812500
2389 99157.828125
2389 99158.265625
2389 99158.453125
2389 99158.281250
2390 99158.335938
2390 99158.351562
2390 99158.398438
2390 99158.398438
2390 99158.453125
2391 99158.671875
2391 99158.546875
2391 99159.078125
2391 99158.906250
2391 99159.125000
2391 99158.953125
2392 99159.000000
2392 99159.226562
2392 99159.226562
2392 99159.273438
2392 99159.437500
2392 99159.265625
2392 99159.312500
2392 99159.140625
2393 99159.359375
2393 99159.187500
2393 99159.578125
2393 99159.234375
2393 99159.460938
2393 99159.281250
2393 99159.460938
2393 99159.648438
2393 99159.648438
2394 99159.703125
2394 99159.359375
2394 99159.523438
2394 99159.187500
2394 99159.406250
2394 99159.062500
2394 99159.062500
2394 99159.281250
2394 99158.937500
2394 99158.765625
2394 99158.593750
2394 99158.640625
2394 99158.468750
2394 99158.640625
2395 99159.171875
2395 99159.000000
2395 99158.828125
2395 99158.656250
2395 99158.320312
2395 99158.320312
2395 99158.320312
2395 99158.140625
2395 99158.140625
2395 99157.976562
2395 99157.976562
2395 99157.804688
2395 99157.804688
2395 99157.976562
2395 99157.976562
2395 99157.976562
2395 99158.320312
2395 99158.320312
2395 99158.320312
2394 99157.953125
2394 99157.953125
2394 99158.125000
2394 99158.296875
2394 99158.296875
2394 99158.296875
2394 99158.468750
2394 99158.250000
2394 99158.421875
2394 99158.593750
2394 99158.765625
2394 99158.765625
2394 99158.375000
2394 99158.375000
2394 99158.203125
2394 99158.031250
2394 99157.640625
2394 99157.468750
2394 99157.296875
2394 99157.296875
2394 99157.125000
2394 99157.296875
2394 99157.125000
2394 99157.125000
2394 99157.296875
2394 99157.296875
2394 99157.468750
2393 99157.250000
2393 99157.250000
2393 99157.250000
2393 99157.250000
2393 99157.078125
2393 99156.906250
2393 99157.078125
2393 99157.250000
2393 99157.421875
2393 99157.250000
2393 99157.421875
2393 99157.421875
2393 99157.421875
2393 99157.250000
2393 99157.593750
2393 99157.421875
2393 99157.421875
2393 99157.250000
2393 99157.250000
2393 99157.421875
2393 99157.250000
2393 99157.250000
2393 99157.250000
2393 99157.421875
2393 99157.421875
2393 99157.250000
2394 99157.640625
2394 99157.640625
2394 99157.812500
2394 99157.640625
2394 99157.640625
2394 99157.468750
2394 99157.468750
2394 99157.468750
2394 99157.468750
2394 99157.640625
2394 99157.468750
2394 99157.640625
2394 99157.640625
2394 99157.812500
2394 99157.812500
2394 99157.984375
2394 99157.812500
2394 99157.984375
2394 99157.812500
2394 99157.640625
2394 99157.640625
2394 99157.640625
2394 99157.812500
2394 99157.812500
2394 99157.640625
2394 99157.468750
2394 99157.468750
2394 99157.296875
2394 99157.125000
2394 99157.125000
2394 99156.953125
2394 99156.781250
2394 99156.781250
2394 99156.609375
2394 99156.609375
2394 99157.000000
2394 99157.000000
2394 99157.000000
2394 99157.000000
2394 99156.828125
2394 99156.828125
2394 99156.828125
2394 99157.218750
2394 99157.218750
2394 99157.390625
2394 99157.734375
2394 99158.078125
2394 99158.250000
2394 99158.421875
2394 99158.421875
2394 99158.250000
2394 99158.250000
2394 99158.250000
2394 99158.421875
2394 99158.421875
2394 99158.421875
2394 99158.421875
2394 99158.421875
2394 99158.250000
2394 99158.078125
2394 99158.078125
2394 99158.078125
2394 99158.078125
2394 99158.078125
2394 99158.078125
2394 99158.078125
2394 99158.078125
2394 99158.250000
2394 99158.078125
2394 99158.250000
2394 99158.250000
2394 99158.250000
2394 99158.078125
2394 99158.078125
2394 99158.078125
2394 99157.906250
2394 99157.562500
2394 99157.390625
2394 99157.390625
2394 99157.390625
2394 99157.046875
2394 99157.218750
2394 99157.609375
2394 99157.218750
2394 99157.390625
2394 99157.218750
2394 99157.218750
2394 99157.218750
2394 99157.953125
2394 99157.953125
2394 99157.953125
2394 99157.953125
2394 99157.953125
2394 99157.609375
2394 99157.781250
2394 99157.437500
2394 99157.437500
2394 99157.437500
2394 99157.093750
2394 99156.929688
2394 99156.750000
2394 99156.750000
2394 99156.414062
2394 99156.242188
2394 99156.414062
2394 99156.414062
2394 99156.242188
2394 99156.242188
2394 99156.242188
2394 99156.070312
2394 99156.070312
2394 99155.890625
2395 99156.257812
2395 99156.257812
2395 99156.093750
2395 99155.921875
2395 99155.921875
2395 99155.921875
2395 99155.921875
2395 99156.093750
2395 99155.921875
2395 99156.484375
2395 99156.484375
2395 99156.312500
2395 99156.312500
2395 99156.140625
2395 99156.312500
2395 99156.312500
2395 99156.312500
2395 99156.484375
2395 99156.312500
2395 99156.140625
2395 99155.968750
2395 99156.187500
2395 99156.015625
2395 99156.015625
2395 99155.843750
2395 99156.015625
2395 99156.015625
2395 99155.843750
2395 99155.843750
2395 99155.843750
2395 99155.843750
2395 99156.234375
2395 99156.062500
2395 99156.234375
2395 99156.062500
2395 99156.234375
2395 99156.062500
2395 99156.234375
2395 99156.062500
2395 99156.234375
2395 99156.234375
2395 99156.406250
2395 99156.578125
2395 99156.750000
2395 99156.531250
2395 99156.531250
2395 99156.359375
2395 99156.359375
2395 99156.531250
2395 99156.484375
2395 99156.484375
2395 99156.484375
2395 99156.648438
2395 99156.828125
2395 99156.257812
2395 99156.601562
2395 99156.945312
2395 99157.117188
2395 99157.281250
2395 99157.281250
2395 99157.460938
2395 99157.460938
2395 99157.625000
2395 99157.625000
2395 99157.804688
2395 99157.976562
2395 99157.804688
2395 99157.976562
2395 99157.804688
2394 99157.609375
2394 99157.609375
2394 99157.609375
2394 99157.609375
2394 99157.609375
2394 99157.437500
2394 99157.265625
2394 99157.265625
2394 99157.093750
2394 99157.093750
2394 99156.703125
2394 99156.703125
2394 99156.703125
2394 99156.703125
2394 99156.359375
2394 99156.750000
2394 99156.750000
2394 99156.750000
2394 99156.414062
2394 99156.414062
2394 99156.414062
2394 99156.242188
2394 99156.242188
2395 99156.437500
2395 99156.093750
2395 99156.093750
2395 99156.093750
2395 99155.742188
2395 99155.968750
2395 99155.796875
2395 99155.625000
2395 99155.453125
2395 99155.843750
2395 99156.015625
2395 99156.015625
2395 99155.843750
2395 99155.671875
2395 99156.062500
2395 99156.062500
2395 99156.062500
2395 99155.890625
2396 99156.453125
2396 99156.281250
2396 99156.109375
2396 99155.937500
2396 99155.937500
2396 99156.125000
2396 99155.953125
2396 99155.789062
2396 99155.789062
2396 99156.140625
2396 99155.976562
2396 99155.976562
2396 99155.632812
2396 99155.851562
2396 99155.851562
2396 99155.851562
2396 99155.851562
2397 99156.421875
2397 99156.593750
2397 99156.593750
2397 99156.078125
2397 99155.898438
2397 99155.898438
2397 99155.734375
2397 99156.125000
2397 99156.296875
2397 99156.296875
2397 99156.296875
2397 99156.296875
2397 99156.125000
2397 99155.953125
2397 99155.781250
2397 99155.968750
2397 99155.968750
2397 99156.140625
2397 99155.968750
2397 99156.140625
2397 99156.140625
2397 99156.312500
2397 99156.140625
2397 99156.140625
2397 99156.703125
2397 99156.703125
2397 99156.875000
2397 99156.875000
2397 99156.875000
2397 99157.046875
2397 99156.875000
2397 99157.046875
2397 99156.875000
2397 99156.703125
2398 99156.921875
2398 99156.750000
2398 99156.406250
2398 99156.234375
2398 99156.062500
2398 99156.062500
2398 99156.453125
2398 99156.453125
2398 99156.453125
2398 99156.453125
2398 99156.289062
2398 99157.015625
2398 99157.015625
2398 99156.851562
2398 99156.500000
2398 99156.523438
2398 99156.359375
2398 99156.359375
2398 99156.359375
2399 99156.921875
2399 99156.750000
2399 99156.750000
2399 99156.968750
2399 99156.968750
2399 99157.140625
2399 99157.500000
2399 99157.500000
2399 99157.156250
2399 99157.156250
2399 99157.328125
2399 99157.328125
2399 99157.328125
